v2.0 raw
3c010001
00000000
00000000
00000000
00000000
00000000
ac010000
00000000
00000000
00000000
00000000
00000000
8c020004
00000000
00000000
00000000
00000000
00000000
8c030008
00000000
00000000
00000000
00000000
00000000
0431000b
00000000
00000000
00000000
00000000
00000000
08000066
00000000
00000000
00000000
00000000
00000000
00031903
00000000
00000000
00000000
00000000
00000000
ac030008
00000000
00000000
00000000
00000000
00000000
00221820
00000000
00000000
00000000
00000000
00000000
00621822
00000000
00000000
00000000
00000000
00000000
ac000008
00000000
00000000
00000000
00000000
00000000
0c00004e
00000000
00000000
00000000
00000000
00000000
08000066
00000000
00000000
00000000
00000000
00000000
1061000b
00000000
00000000
00000000
00000000
00000000
08000066
00000000
00000000
00000000
00000000
00000000
ac03000c
00000000
00000000
00000000
00000000
00000000
08000000
00000000
00000000
00000000
00000000
00000000
08000066
